15932001
15932004
185801321
25369197
21174895
3409123967
3442678401
113449602
498276995
217258634
991837055675224066
1134762638
833073192419860480
818652096694198272
797894544448692224
961747602
4605549200
15932058
26417834
2835552942
476256944
2342722224
1016273587
919804596
35855029
15932085
4335016637
722672317
865331580331577348
3309509312
1185216667791454208
1215518837812031488
23272136
245570250
3010665168
1205017297
2300779218
18029270
1085510068240445441
133372639
2246253284
1461918440
66263785
25369321
185801452
234035949
3349241
100866814
72555263
14883584
1465064196
40049422
21175055
18029328
3106085651
4270005023
381885216
25369376
278076195
21175082
1499667264
121838402
1337574571323617280
3020102474
264444752
3011713879
23272283
174267238
392371057
14883698
14883700
58923904
1688411022
2847087503
13835152
15932313
113449888
3592625056
371399587
23272358
1481841577
773255191453798400
199433130
788231599607287808
739953219778940928
823324648880246784
25369515
834860341553041408
3313703853
84089779
1038293940
2372082613
588454840
826332001087033345
710271100228243457
626203590
95624136
4046658508
1643322319
21175250
170073045
820190174
19078113
3015908321
2526223332
14883828
159587319
237181944
18029561
312679420
2444434430
31661056
859117327
296950789
137567238
3841137674
3044219918
84089871
399711259
478354461
2472746014
2471697439
40049695
78847012
310582312
966399979182002176
1192946560088313856
1095239807905730560
1300052860009353216
188947502
950485384814825472
1081351965655863296
870521910
337845304
1588796472
1876106299
92478530
1018319901793095681
1115961865467760641
2163416136
4195556429
540220493
347282511
14883926
2260933722
58924122
869605838956093440
1105950322596339712
562240610
21175399
714284142
785886902977126401
1187191928
1170414721
787684483
39001219
238230663
829559118411083776
954893068410302464
54729876
3008568486
1202079007031857157
42146993
123935925
1369644216
928380604407779334
39001282
241376453
838016203
587406545
823336152
34807004
4850916572
867497804561866752
772427537381285888
1353788997693300736
897785059
1925389542
2407734505
2298682604
59972845
857341104554991617
327359735
18029817
2749570298
1241887246527193089
1275433001619513345
94575877
22224143
563289363
2967674135
15932695
48438556
246619423
50535713
200482081
2306022691
99818789
12786982
2388860207
1132666160
15932723
887299380
258153781
33758517
372448567
62070073
14884156
840349632215449600
1163879938698575872
2863865170
70458707
354622805
16981339
1180900700
897476885667602437
982311123973111809
171122021
2496863592
14884201
574823796
29564281
1259543929
21175680
1103796020171878400
841221468927143936
1099355848285990912
1579355345972998144
1518719889464209408
845474608643944449
1135484397262581761
1078757362905755648
1027463360441331712
841231702122934272
1539403056231591937
1043340032294105089
1023322279139192833
1082871497851514881
1528783447971442689
39001488
37952914
1559354824830857220
16981398
390274454
1063032129754345477
19078560
80944550
120790447
3042123190
15932855
131276219
1944264126
1120440562300194816
797533451113136128
828104427030642688
801203059359678464
841122382710505472
2597526986
81993158
18030023
986914250
2731744725
4175633879
1416830424
805506882878242817
4889714145
497229294
2399346159
97721849
901100663748284416
22224377
24321532
79896062
21175813
291708427
2680364562
433266201
174267937
821075741219528704
1132666424
15932984
31661626
174267974
5447242
16981579
26418770
56827481
18030177
29564515
144907880
40050286
185802351
2746424942
1208180038581080064
1033525896790134784
954440867598815232
80944765
1203077613138464768
3655540349
15933053
1042234121223917568
189996674
252911239
1969430156
19078801
913115286055931905
1243815571
1020299372129669121
1240275512066560001
2416123543
426974872
228794007
499326615
21175967
14884514
151199395
954408619
1098996715150024704
2312314543
858988208
1291427714767953920
1081141589060263936
19078833
1072897710
1280244163242532864
113450686
325263042
1236355036927741955
106110662
1198755087310561281
378740424
25370313
948626595350302723
1282768881384333313
2729647824
179510996
610475733
56827611
1291576166017572866
35856096
21176045
49487601
459480818
459480823
69410552
709110712279408643
140713733
15933196
1085383331922038790
1354292535951192066
144908054
863924790842638336
97722136
527638306
3957530409
392372010
170073899
1086529322
1092513480270323717
47390516
3152224059
153296699
126033723
275980094
256057148
609427264
188948308
1963138910
18030431
445849441
972361021871583232
1325150300211212288
1045776584710516736
1351258907113648128
616767336
25370473
355671913
383983466
2988646252
2977111925
541269877
25370490
1067109570231889921
1033819388242259969
1083388446545244161
963563555533582337
884191159744163841
3265470336
1507008385
1374887809
936330678664392706
877922316746977282
826574570878550016
829152749552025600
39002005
2471698340
718479268
47390630
3623034796
1457745193197780993
809109369837207553
35856308
19079094
7544762
2205360066
106110915
23273412
590553030
2915246023
19079110
1360207819
97722319
318971858
79896534
35856350
107159524
1262690280
517152757
230891509
87236601
16982010
567484411
623058940
3103989758
887300095
15933449
88285194
56827917
1578311694
232988687
1222844432
212017169
3526565908
139665428
3824361496
15933471
49487908
102965285
284368936
1059266605
1358110766
15933487
207822902
19079225
158539834
387129401
2788368445
928194631
30613577
792559032368304128
594747472
519250000
2339577937
2883788882
56827988
3370328157
2720211038
620961890
1394668389839343617
1328436721369944065
70459493
2771591269
159588456
115548265
22225000
432218226
581116019
3073581171
525541492
18030711
2159222905
2964529273
504569982
467869825
301146241
3067289737
3014860941
454238349
1360238670347964419
912847970025988097
2548244635
352526493
2612207773
459481248
368255136
1321410720
3248693418
703799468
1358110896
18030769
801600928767848448
2181243060
2432901301
467869879
25370815
15933632
56828100
708636385268248577
850856335910555648
47390941
15933662
39002335
19079396
28516580
940699286936965121
2192777456
15933690
1717772540
1147628702223818752
1076364380055527424
28516608
992848742058549248
213065982
1129104328961286144
969979177226199040
1631789318
2934120714
707993866
917427073010098177
928975937273847809
1166411092425433089
949707731526737921
2424512796
232988958
294854943
37953824
242426145
431169827
1005789476
245571881
84091182
1678975280
969646611591770112
871602146130702336
953782739714617344
1130849925128957952
728408328397828096
2172854583
555950398
962774581240049665
882975340863336449
949846700688060417
1018936917927309313
1295873294248357889
1078375695112384513
1237524817
1285759315
15933782
824385883
523444573
2575507806
887788089015447554
893463259084402690
973350040558284802
160637287
2459115878
1221451471037837314
23273834
2899517803
84091246
2332238191
1527980400
235086193
159588722
19079537
489890167
2233672076
2633179534
477307281
138617239
1483896106115158016
1340052621965414400
22225308
206774684
84091300
14885286
27468202
863183274
1483540043662643201
3092455865
436412862
300097991
28516808
1171152240377245702
88285643
1527980502
15933910
317923799
455287264
1286808037
1271434946545156096
601039335
1251638948356653056
1272559122022629376
19079660
2407735789
2727551469
151200240
4192412152
15933951
1248737979268562945
767821511432568833
370352647
16982540
609427980
4922221072
3005424144
548610583
835894121122385920
25371165
463675944
153297450
87237166
3139641902
37954105
607330874
58925644
782022661060763648
778758797300932608
104014416
25371220
3035832916
213066329
3339919967
1228087904
2372084323
18031209
12788332
4827849326
551756399
18031217
143860340
1037247092
300098168
15934076
4432536192
950215296
109257354
2724405899
2229478030
399712913
1216553618
4924318356
614671001
1004741281
135471778
14885540
49488548
18031269
382935724
14885549
42148525
499327665
904078010
1046684348
1131512965
1462969034
19079891
2398298838
70460118
1360208610
399712999
14885620
3297977088
1423123200
97723140
359867144
58925842
1426011090341797891
3308462879
96674593
2977112879
1973625649
1039230192311386112
208872246
264446779
3234014017
613622595
64168773
43197255
189997896
1234509233061675009
3252888409
4273152860
363012957
15934302
306389855
4288881509
35857262
43197297
26420085
15934328
2730697598
2923635592
23274387
22225824
52634541
386081713
1599284149
1203417178806075392
1028064276974583808
842194252218155008
725840208030253056
897786806
2641568699
165880764
3602064317
18031552
215163855
1028817030122749953
96674769
1324557265
1083074315812257793
2462262230
534979548
14885860
1180366848463912962
381887470
3520275438
2237866994
56828916
40051702
292758521
305341435
867378174
282272767
63120384
738929338066698240
1106637753888833536
729120202382671872
740292236483526656
741977462028926976
737408346232225792
475210759
730454458736345088
744202789576802304
730602614337863680
741986868544176129
11740172
742078378593779713
733150114630369282
15934474
742054051194372098
317924367
434316307
725370789831139328
740590243741458432
843260960
762520608
1950557216
25371684
192095268
2290295851
144909357
1341059832091009025
3343066174
3892519999
84091971
23274570
15934541
241378383
14885971
4400221
4837287014
268641384
887066222721994752
1264936242833231872
1006255603528994816
1306239161981177856
875203700217843712
913433987951071232
1170229326664667136
302195825
246621297
908060145271410688
138617979
1059267710
877203316731777025
958604419
856320622024167425
160638085
1296175911872729089
68363408
287515795
58926235
723220973995057152
835839373740498944
205726880
1402444870464200704
1871914146
787476478619443200
1403602623995994112
589505696
36906151
10691752
559097000
1255952793673895939
1176164757793116163
828724403932389377
1398368031672262657
15934650
229844161
40051915
419636428
1246109487766933508
245572815
544416976
574825680
464725200
1016908862136332288
981551207444459520
1304634582
61023448
2149786840
43197669
196289767
1869817063
6497512
16983276
372450543
117646584
14886137
35857659
3091408132
709540830172676096
758868107586699264
849723539749863424
839066888
502473990
21177615
84092181
2232624407
15934747
407053599
47392037
1975167378
2306024744
2598577452
34809133
144909618
1876108604
3192071486
1971529039
454239568
25371987
4748158294
256058713
22226278
1328436358503936001
406005111
236135802
61023618
711522399213191168
1220818651584004096
922276111567945728
402859398
779331629571506176
929838593345978368
1217389094428344320
502474118
992589856541900800
142812559
453191061
37954966
2451776923
2325947804
747806337690632193
4302513568
927637163834998785
277030308
501425575
14886312
19080617
164832685
14886322
250815924
32712121
963041732580397056
1173390339324825600
2956142014
43197903
131278289
839067092
1387472347
759375324
1498621406
2897421793
312681953
540222946
96675300
93529573
3895666153
35857899
3048416747
135472625
563291636
3631425013
2645763574
15934978
26420738
567485962
2798855691
15934988
262350355
18032149
3092456987
14886429
29566499
189998630
49489453
15935028
1079930707407982592
1125998273221808128
967303305411088384
983052935453134848
707710552492134400
62072386
23275083
851650129
901983814980915201
992801639336693761
855109542639751169
136521304
455288410
220407389
18032222
1520641632
34809441
220407394
28517987
241378921
851053958692970496
414393967
940962988370010112
847626189317447680
2382571124
1270031990
4795344505
3268617852
1292052097
188950151
22226568
1326659065959784449
1307761525537480705
313730702
45295248
325265042
1356015253
2813535895
864233112
1160716976617975808
827132894724255744
794569312753184768
1227812350125699072
26420906
2871207595
47392442
1129006249524097025
1178561952626274305
1089312941311029249
19080900
2926782154
196290251
1484990160
970749813728923654
26420947
2291345122
337848034
21178085
11740902
317925097
1179030059891531776
897562691715440640
487794414
870994155018887168
14886641
2257790708
2799904506
4213384961
36906754
863184644
876816133
9643782
875399986158215169
23275272
1401609526609158145
137570055
1500172953115193348
517154579
313730837
36906773
2363696919
418588443
431171357
1667442462
863350881684791298
881499497922273282
749520416524365824
19081001
3239257906
1650665269
1428046359207321603
101918522
397616955
3386058555
19081021
2628986685
6498112
490940225
1276323650
1396909892
2987599687
311633735
995305290
133375821
995836070594953216
2307073879
46344023
796936815869509632
18032474
574826328
856536510195277829
131278700
1037216725178228741
1501333267626147841
2817730416
123938673
29566832
962064197285658625
2754815871
396568447
4054001539
115550085
19081097
1288545403051184128
946243459890810880
390277014
15935383
54732701
793557550759153665
370354085
1001108602885681153
230893484
1345529774
293808046
918759344
16983982
47392689
77801395
27469757
175318979
364062663
1896032204
249767909
43198443
2226333683
15935484
22226942
330508289
303245315
48441349
778098019967307776
757673555320508416
797146153754169344
825176308623740928
741295273062830080
3169003537
2692950043
130230304
2788370467
734933419327623169
336799782
24324139
3011717167
191047731
15935549
51587139
2994939977
403908693
825099239730581507
14886998
1180173696347987969
3181042966
1364709392877150209
544417880
43198553
3062048862
2442340446
226699360
594749537
66267233
343091301
15935591
734210154
883107948
408103028
14887029
2873305205
15935612
475211903
207825034
231942284
16984207
526592144
69413012
567486620
2776836260
416491684
3235063974
37955760
3241355441
269935493
23275702
4214433976
26421435
1006305750447218688
1178839058862235648
907759261291307008
1133903271691739136
976616416425205760
1008124659433398272
1168991821986455552
1208544512970252288
2936219841
12789972
1175169352905187329
966834023891918849
1005248008450138113
1012461117187219457
21178588
48441576
813902060
14887150
196290799
288565488
2834508014
104016117
21178616
34810105
248719612
2468555007
1558391048
93530379
24324366
19081488
3187878162
911419682
2919442725
887302440
858990896
3343067445
28518709
43198775
3215141181
12790082
1092823370
2718116176
3062049121
3345164643
4470286692
377694566
15935851
962799980
960702829
3037931884
851650928
2242062706
1157106523375644672
1295298126916595712
1132396691758493696
25373043
3248695668
1031974848082456576
15935867
774056316
117647743
185805187
41101702
1254733044495396865
899686768357912577
1040420543714013185
48441742
1538963689403035649
1219610092586381313
1482879613462360065
3178441112
366160281
36907418
634595746
316877219
27470242
1283433432232734722
808668445390831616
781680873431269376
803763148209684480
798631780056203264
822641894928842752
780937369495175168
1023756532314517506
1394813360
31664563
15935927
1398821772850466817
420686279
1479748051
361966039
165882330
789981610821111808
1177091267374698496
1154289058366967808
2293443038
54733279
767764962
173222370
52636131
55781860
43198949
4201851373
291711469
1648568816
3505596914
1391778337622675457
50539000
1201875452
42150405
1487834653880987654
783930514201649152
756175786994835456
753404001933074432
590555670
27470359
960703016
66267691
560146994
2955094580
757279286
4749208122
202582600
1155738186
357771855
607332953
1170069183729717248
1355298019260977152
892133086124789760
1365804792388472832
821773334534901760
1326362197522599936
876816992
982033217703333888
935911694215368704
500378211
271788644
271788645
257108582
383986280
1137912427
1220424115821170689
1009841124121464833
951795408841428993
845765077684932609
924664965868507137
1407396475
3438488194
2533567111
65219208
32713352
23276169
35859081
768973182124564480
97725070
726472528668008448
766819021949902848
378743443
466823830
99822238
79899301
769924994121998337
798947313280491521
2162371242
24324780
1056123570
1168114139564142592
1230025162201821184
1006895246033088512
1212930305452994560
1079459883508887552
1178919419361161216
1308058961640222720
400763591
15936205
2987600591
2149788370
2709727956
1433610966
238234326
1638083286
343091927
1233852674921000961
438512354
3655543523
1915955941
295906021
14887656
3097701100
101919476
1208871198433538050
15936246
151202553
295906042
459483899
47393533
3037932301
2620599054
636693268
2237868823
170076958
339946270
4717751073
1112746789
23276332
22227770
767861750993711104
761733384565616640
831962771013169152
1325621152685944832
180562763
14887755
91433805
826798248933388289
320023400
67316585
2291346282
871866650244632578
2483235692
4691536747
372452202
828630946912071682
817826134192746498
143862646
895452794479558656
385035135
16984963
389229444
57879428
21179272
874720140
248720269
151202705
2731748241
2361600914
142814103
766716828
2314415006
14887840
245574562
18033573
332606373
2820877225
426978229
820194234
344140731
16985025
258157507
116599748
411249615
846408660
14887893
263400405
2293443553
382938081
18033639
2161322991
898837488
607333370
906177534
45296639
94579714
159591436
15936528
782445588
19082263
205728796
239283229
451095592
1504763617010499586
844653905682272256
1271944552174227456
727582543973879808
1293412984857989120
2205363247
2891131953
2149788721
482552886
402861111
1508060221
1207345037849300993
919691207369986049
19082313
178465866
18033739
379792468
1347628122
928423004731772930
857710487202521088
100871263
3152227424
1101625521790607360
2469604452
2325949544
25373810
1307835198348890115
2770545788
157494411
77802639
767888794737455104
960226039514279936
826184132442992640
760224054083072000
14888086
943163643054534656
2786274464
444804260
414395559
285420734
3073584323
22228174
14888142
344141009
208874707
1077095640
16985304
1894984926
859481785381642240
769645409371381760
862365830151102464
880412538625810432
900805600619225088
1535323364
1248314979025117184
40053997
1328668758735544321
63122679
1300135437709828097
366161148
365112577
44641669
288566541
743927834670936064
32714004
489893145
232992031
135474465
729403989368909825
126037305
199437628
26422595
229846341
1290976748767608832
1160704395979325440
910616567821434880
48442694
939182634751557632
1267209177140625408
1008938317
278080849
15936853
1159517493578235905
1147085278022008833
897789290
972238189
3434294638
2354261358
199437677
95628657
352529778
18034034
190000500
781397364
450047350
625159542
40054136
544419198
1245089526047027200
1036994808886308864
1025866606067560448
889957614469230592
857764369844908032
887335036571332609
1146900745691836417
1042116339987623937
1028802847641677824
897540888485933056
1047816603436560385
1164201613264924673
1029797947540746242
1165745765978976258
852901715011678210
1162137541975453698
89337224
1240177113648574467
1221188830834962435
856702164739272706
1144606908382425092
25374096
1508149620593111043
1262415184708218883
1423102085369933828
19082650
863052050044792837
857967339698106373
1434031214374137860
1520092738796105732
1030176302786129926
1898130848
1445127913607770118
1288854529459597317
1309203267491180549
1293757840688132103
859115116624850950
1177273426995818503
35859879
1230969372639997958
1301915596377010183
14888362
1490402886559444999
1278109119728300039
1151094792228679688
1271162030393896968
107163055
15936936
1512440659571093515
1199414377771937804
794227351051763712
807653651821035520
121843145
2242063817
1424937602491330577
559099354
1427505736410705938
245575133
40054239
763056896223875072
630402530
39005668
63122919
51588583
29568490
2280861163
1485772193246195733
4885523950
1406348792
3313708536
97725946
71318533
900507789017075712
15937025
2760060421
116600330
2228432413
454241823
3225628195
434318884
2778934821
78851624
748265850780557312
58928690
387132980
89337404
478359113
2874355277
1713581648
348335703
49491544
1626549852
58928735
3277008481
18034273
481504871
2885889640
1440951913
456339053
49491565
3371380333
1048784496
115551858
23277172
983005972863111168
90386043
1481853097009991680
1459826305
256061059
2844995214
43200146
1189173161583169537
2916298387
1232789650764451841
31665814
40054423
26422941
4883426981
15937190
238235303
1000791213392515074
1417164310716076034
1109625067397357568
1880305326
1184147707448958976
1271560940220227584
1258250705573421056
91434673
1081880040374181888
1196861317325508610
305344184
23277245
49491649
704060092065423361
3131256520
1229785867801239553
416493258
1202324175475613697
165883593
2202218192
410201810
21180123
2991795937
277032686
90386169
1266380926193410051
3712167673
1387535752880287745
2773692164
609431304
515059467
312684302
71511824
143863573
208875300
18034471
1160995003281354752
89337642
13840172
111357741
544419630
7548732
360918851
264449868
196292431
838020944
1978871635
245575510
920682698020188160
1083038416781144064
467873636
852644287133216768
1015443070425460736
1099116391
2181246834
819139591928246273
1105460214093017089
287518604
3034787731
1029040391423750146
113454997
833769422116503552
823253940942815232
951498317422358530
243478422
817074428970418176
845361056
406007715
63123366
817872586365353985
2938318770
2252550067
19083189
898838462
19083215
198389714
555954130
322121685
453193691
242429918
290664437
2710777849
32714748
15937533
74657792
313733125
861089798
3266523144
87240712
37957647
2322804757
86192152
18034714
574828572
389230624
369307681
22229026
2535665706
185806901
2429759559
726583562326183936
818693356868014080
748355409753346048
796075939901935616
787939766457274368
711251061894414336
14889044
331559009
34812001
26423393
25374817
2520985703
4188221547
56832118
1101504554938523648
67317887
30617736
34812041
469971085
40054925
1393371145840300035
122892459
779058560068161540
771160003793170432
706680710971568128
824309002162974720
203632821
185807030
19083448
1468215481
1902325945
413348031
3234017478
301150408
185807050
19083469
528691405
3161665747
1687367893
501428440
2837655769
3169005786
612577505
488845538
18034923
181612781
47395055
31666420
1632841975
2475897079
951286614524944384
932085005450469376
961315749708161024
1075843271006609408
24326400
148058371
807612685
964586053771452417
1056996751574556673
382939416
1153118129322713089
905130266
323170588
1065376239211503617
573780251
14889248
214118695
94581033
126038319
1234250286081945600
950767329482289152
365113650
984465886626099200
2590191937
94581061
1294376292394119169
1316116627646230529
2383622479
43200849
2372088146
15937874
187904344
1500721500
2321756509
15937887
180564322
4924322151
126038375
1480798568
15937898
216215913
208875881
206778729
2196975988
25375098
224604544
61026691
478359942
44249482
2707632522
3305320848
40055186
40055188
22229397
460534166
1594044822
19083673
1089275142725718016
129184159
15937952
25375137
283324844
15937965
27472301
228798895
280179122
740278263600140289
131281332
3314758074
334705090
16986563
1616064973
373502415
123941330
35860950
63123931
436416993
550711779
39006692
802231759022817280
813572101550604288
821774461515038720
296956393
1293934080518750208
3051565550
128135673
49492494
956510736
19083793
124989972
126038550
1089259876117872642
3239260702
40055348
23278137
36909626
28521020
460534333
15938122
1379546500326301696
784071040892739584
96678480
1396178252226437120
43201108
29569622
62075478
345191002
3244503646
1390621278
3289592415
4858262111
15938148
1266889316
807502796543041537
49492585
22229609
41103981
19083897
1451438714
19083899
106115711
21181057
64172687
3355281
229847706
499331747
123941554
45298356
488846005
25375420
300102335
12792522
539177681
4194513621
314782423
50541276
77804255
1954755301
1491465792118005761
212021994
35861227
3434296053
3321049846
56832765
1481463809718034434
236139265
32715525
399717126
833827592
2400400160
169030440
924005161
1222959497326411776
1205492509578674176
875519665178460160
1025037348734550016
2550346550
26424123
18035515
1220287154716196864
18035523
267596611
286470987
1610822480
780350288
19084128
4827853666
2201170792
70464363
1728263023
48444278
54735743
1435710336
402862978
365114250
1060320139
183710604
4213388172
180564879
2971874194
21181331
199439252
11744152
165884827
386085789
29569951
2469606308
99824554
70464426
2462266285
432223152
19084210
1140775081200762880
712876417663549440
1170846996950859776
3089314749
69415870
33764296
196293576
3225629656
1545810906
1370698717
2491626462
23278557
40055776
18035686
357774315
634598384
40055800
2347971578
601043964
370357247
751894604107120640
809090999570038784
737980128832159744
796397292211306496
755773710456487936
755028406056681473
739612129364443137
801085611604082689
736350743632969728
732997307256438785
775780720958668801
793202152525168642
995308548
784511351230201857
794901799295680513
821094294962470915
354628622
821984353282588675
823916695307845635
821017788944908290
1371612210968035331
735605082448887812
1363974283156946948
289616919
2351117335
818807507036569605
806228603180580868
761558076042412037
1376374889398042630
1372957756072820742
1368601634
524497956
594752550
91436081
702533780183998465
1086818504676761601
829708471561904129
262353980
1681077313
508769353
70464585
489894993
865285206
51590230
25375836
2459120736
252916835
22230121
955750446773276672
871755893079248896
1127737780019367936
1165230180559982592
932733771794845696
1301335136517197824
25375853
862403757484773376
2993894514
155399282
1293104246
1002932213003030529
1196441638106796033
596849795
4343411849
44250250
51590281
43201676
98776208
986333343372513282
1266888742889033730
743922777971908608
723123189807734784
857330109396783106
16987293
1064514721
724566503903879168
293811366
61027495
251868327
636695723
15938732
1403897685434851329
21181626
878916812
786325375303364608
25375962
16987359
240334048
322122983
170079469
10695922
547566835
385037555
858993913
834876666
226702585
42153218
798627685404508160
463680777
24327435
264451340
2811442453
98776341
1599288601
19084580
1087583534
45298992
263402800
54736177
30618930
2438149430
2868065592
23278905
159593786
25376060
245577025
3383965005
42153294
3240310094
1357095989555965952
31667539
34813271
29570392
569587034
316880218
18036062
487798111
836484016631132161
366163310
84096380
29570430
910592481300971520
1010181723018100736
1308098901837217792
3183687049
49493390
818099599
2547201433
240334235
80950685
1404788849377751043
26424739
68367780
3230872996
3232970151
23279016
137573807
241382835
26424755
334706099
901152762733395970
1051864841386774528
893519623500386304
969835888065695744
114505151
3343070655
20133322
598947276
979580365
1040450622200270849
2427663853
49493490
95630836
89339383
314783228
3767744002
2806199815
22230536
332609042
45299219
434320926
386086439
19084855
883072129490669568
2314417723
1070178475615637504
880812695372615680
696592128110153728
25376322
69416519
222508617
818099786
160642637
165885518
522401364
4284692054
236140119
74659416
238237275
19084896
317929058
2358457956
23279206
1007020178369073154
960511976827965442
1347315190811959296
917955341819682816
256063093
250820215
3236116087
792934014
133379712
15939202
759379591
175322763
35862157
3426956945
29570712
613627548
461584030
185808543
1043543713
1264285134427025408
2392012460
44250799
2886940336
63125168
222508724
826578672551227393
242431682
10696392
277034700
101922508
18036441
234043102
1482897122
4235409124
1144380470693699584
1050793527377108992
106116852
993212149
19085047
4833097475
2515744518
1175114985007194113
860176890522476545
1147540192234020865
1166709569726423041
1281440623082577921
66270991
366163730
306394901
545470229
597899031
2294495005
28522270
539178785
830936172402733056
18036515
39008044
764622636
1579366194
24327987
317929271
783529363845312513
88291132
835333612249706497
18036542
302200640
12963472
2520987464
3336779601
1848850261
1012600029511499776
817214388746665984
1481450849733787648
1465340303926181888
416495450
4440930143
909054682429104133
803066052435329025
3402839919
1191393138
491992949
16988023
277034872
4332926842
19085178
361969545
703770406218371072
1155741577
473118604
1213285012579028992
785893099348168704
264451991
400766879
3383965601
1012452041170358273
791274387353636865
19085230
79902638
623065021
1597192136
18036686
181614547
42153941
1253792891257962496
25376735
839582841470140417
1240160327905525761
1090448017906417665
85145588
538130422
3447928823
4405241
3301128186
19085307
1446197246
303249407
874723333
798225770426535936
793518203876020224
2267232267
770003486637428736
214120461
194197514
732737078685995008
516110379
29571117
15939644
3282253888
2503161930
827968639068409859
1361007944297406465
261306458
87242842
703805532
1911765090
754137198
558053492
194197623
18036861
126040197
2344827015
115554440
1072904330
846411924
4203952277
434321558
27474071
19085466
128137381
256063655
18036907
18036912
180566196
19085493
15939771
130234556
316881085
934863018965524480
1194070213744058368
843472163294339072
974979834576297984
707943136681713664
63125700
2482190533
61028551
12794062
82000083
874723543
725421392276152321
979796808976228353
545470682
265500894
33765612
43202799
1178233490355183618
970346243468746754
1048011043065147392
63125746
1429420278
57882875
1590900992
3408083201
61028612
18037002
2790471950
19085591
3798153497
425933090
4843583783
246626600
1658009900
15939889
22231345
562247987
42154292
913520952
142817604
1428371784
1400060232
110311760
2490579282
18037089
185809250
198392162
293812586
123943277
251869551
1143159151
878308376849133568
557005171
878131593847746560
1519675757261467648
1117700626190938112
173226355
40057208
1024670076
898840968
284375434
1272261733076414465
886962852988432385
21182859
4692588938
1162451792044732417
523450768
1265618448387911681
23280015
42154390
42154393
2294495643
1455270251978010626
310589861
42154404
769866829703577600
808684375831379968
2705537444
56834472
1876113835
1467169200
2328050107
170080701
730826238407901185
1357388642138882049
48445890
4337121733
2739091916
19085773
123943385
14891483
114506204
1323514338
327367139
50543087
1498896560528273413
16988656
824642649067966465
1116474488441360385
413350389
12794362
84097531
1534278138
503527933
25377274
1071856123
887306748
931346941
19085823
273889788
25377285
9648652
2893232653
713533806972510208
863441932046835712
713040023172423680
58931733
9648662
306395671
85146136
1630747164
29571613
865041669925642241
45300265
191052331
330512948
390281781
41105982
3342023231
43203139
3232971332
3016964678
250821190
70466119
580074057
42154568
18037318
3224582732
194198095
954547908833136640
1151174115467939840
809745932938072064
1180074708810813440
44251742
880974362064670720
18037344
2988653152
841029857320587264
390281832
3001236075
2765306477
794552131793670145
1337153866975105025
39008884
984429542499635201
916480240372895745
1184228663740551169
1187096832163401729
15940218
755218635304554496
789142430465478656
786328450067943424
788912987977371648
836749786480988160
1156885632469258241
779354422564442113
788099447720857600
831315684906848256
1230647188444762112
19085963
901185200406876162
1152106123371040769
836073280947703809
1433994530982809602
1478875124065456130
1382172076212047874
1478404687741145090
1440471433503657986
832626626835861507
1159638208692441091
813551849613697024
1451234342039015428
213072536
1426965176180363268
1400196784555642884
786606932291309573
1129978510716522501
2999138977
50543268
1144299282482155527
815660782708989953
1658010283
595802803
84097715
1410614804599885834
234044087
539179703
326318780
2479045309
1012372666550906880
1050096863255261184
2185444038
138623687
3093510857
1702050506
544422603
3031644874
4020452043
3022207695
47397585
1535326934
1249831949755019265
33766123
1244871404
345193198
723236071627091970
517159669
3377675003
27474686
1494432517
41106183
372456202
70466340
633551657
607337263
795032370
1024670515
220412723
1057176380
27474752
704905453982117888
756459364848955392
791344802919018496
789828503369871360
417545034
386087755
262355792
827958491805577217
2304981855
117652319
467876704
18037601
330513251
4855118692
40057701
2942516063
1140013928
383990637
1337838599883124738
1400060791
14891899
61029246
194198401
635648899
3375577991
3002284937
377699218
498285459
333659031
900938659
1339243428
579025832
3880991656
761414078027829248
734768500355403776
102972331
700523917576802304
157498302
455293889
3379772363
3409132492
15940558
1100168142
3027450840
1753431001
410205145
1705196508
726875102
1055079392
104020962
499334122
29572081
372456434
590560245
1518598074297466880
2786278391
15940600
1144208377
16989178
43203586
4071832581
23280648
183712785
4499651602
49495067
97729565
63126557
3259186207
22232098
45684501
23280677
1519450610273337346
963386941252210688
1239593072201207808
949022674386325504
989614397415919616
1209628800142708736
33766447
2784181300
1059273780
36912181
320027703
174275644
2595437628
3397598272
182664257
948391038242164737
1141426935685353473
1305986486991491073
40057924
25377866
968047699
559103062
1009116794861293570
24329308
1323514974
25377887
581123168
1243241796169273346
1020476516
35863655
195247211
85146739
19086456
48446584
1457732731
266550395
19086461
181615746
18037892
172178565
48446605
325270669
99826831
50543759
337853585
875932265519263744
780848112709414912
952714497528967168
119749784
227753113
117652635
2442345637
53689510
258161837
14892214
215170234
14892220
544423105
36912323
194198724
4263722186
2905816267
79903948
1059273936
223558868
25378004
243481814
1154694362
53689565
1277937486984077312
1290425741126098944
48446688
434322654
1168647774939865088
2907913446
2543008999
132332780
3439541489
27475186
193150198
765254321114144769
1362189948095520769
1191829958630531073
22232322
157498627
1416838410
256064780
2493725971
954416406
4834147617
174275876
215170341
3525524773
3178446120
844315945
14892330
3422764329
2648915244
42155308
373505326
113458479
15940915
16989497
123944252
402865468
154352958
426982724
1279354519353098240
1005267166638178304
1094023961816399872
835965567710330880
1063354516257439744
113458524
101924189
706931024496754689
198393184
3014868322
451100007
3631431017
107167082
2720218476
437468529
213073267
248724858
1004748156
262356353
158547333
2568174983
40058248
29572490
141770123
36912523
329465229
108215708
594754981
310590887
47398326
1617116598
1310932410
19086779
40058303
839073217
40058308
4217585093
812334731715084288
814544487020167168
1599290832
373505488
23281108
1534279129
885210589
15941086
1671642595
74661347
336805358
79904240
6503922
91438581
893148379068354560
2209562108
18038269
595803647
18038277
19086859
11746832
96681491
430128661
413351450
257113627
271793709
4875042357
43204154
165887546
377699905
159596099
1336098380
100875857
1092828757
19086938
565395037
93535844
260259433
280182386
175324790
3325247095
988443038941958144
1095878217393754112
1001492317818310656
4760747654
1370701447
444808839
294862482
1220461983708991489
1518776633834065921
1286322735581483009
165887637
1391866183876595713
32718488
1589853852
18038429
820199072
558055083
1313095390724530176
1105964474694017024
1216083850939506688
40057491
412303032
387137210
3047374525
4351803077
1188329290162675713
19087049
1014185676
3257089742
347291342
2384674514
2188590806
635649754
4904402653
2217950942
1282441095536955396
4070784736
29572833
1392619500990722048
721632998
609435373
16989934
333659898
42155771
3266526978
3632480002
199442182
2205368071
26427145
1269496207489093633
66273040
932696932404940801
1256331205013917697
822296342
24330006
851320280265801728
881570977250820096
164839196
42155807
346242847
904085281
1589853985
285425444
35864358
1580416830
3218292544
196296513
225656646
2754821959
47398743
212025177
83050335
1107647261239111680
1039500073862918144
2727559012
865902336186740736
958397998106636288
47398759
2355314540
54738796
4919082864
2834513776
542326647
166936441
824382589909823489
121847676
824014758173175809
2439200638
873625223182118913
320028547
352534407
3130212233
490946441
2423472014
1343532509796200450
825401225281683456
53690264
2328051608
2444443545
85147548
2827173793
3008577447
603144106
54738859
180567983
2951954351
1581005491924254721
27475891
131284917
19087287
172179385
29573053
1464486025997205506
590561225
796179495212355584
263405515
325271502
33767376
242434002
248725465
455294939
3287498719
98779104
858996715
16990198
110313469
37961729
165888006
143867911
18038804
550715415
1162035224
196296745
18038834
466829366
2457026618
1223901242
4717756480
22233157
4149428294
910377031
782763441140469760
818196398420201472
767801708890230784
2243117137
77807698
42156117
870531158
22233184
824305672644923393
19087460
822223047298060289
1295204454
1371886132842139649
18038886
1518833799236358145
1398983984529477633
1252212846
19087471
4154671216
837424187467829250
2600681599
19087496
116605064
906182803
62079137
3671277732
2753773741
784087100920475648
32719028
326320315
19087563
1688420558
876822734
482558163
156451028
1254310104
983777497
1525891290
35864796
24330460
444809445
15941862
41107689
842219755
75710701
18039028
201539830
444809464
1590903036
3516088573
1072514924088385536
983673335518322688
1124810386379644928
708342288708018176
905756837395308544
778658960198868992
903403051234369536
777711192718450689
722298233871933441
1140172119470252033
