352509728
403889953
6479652
33742628
19062569
18014005
91414329
3409108797
117628733
6479682
70442821
49471311
44228435
976412503
43179865
2149769052
93511518
940957250167992320
1029381337852112896
1080978331535896576
213049189
45277027
1074403646065045504
823395486946258944
12771172
875749230
2253578095
501407600
372432753
1086513024
2699222916
66248581
3399671691
1062835458743431170
1366582494099894274
839220156635168768
833905022937219072
444784533
3063078811
326295454
29548461
282255277
824373426429247489
1546365677371539457
506650546
163766207
1277059582381232128
77782981
1356605989571674114
729077149605367808
800771488194301952
2222120916
18014169
19062754
1241702384
9625592
837694975093653508
2271404030
80928773
1904402444
26402830
975364111
1568858138
360898594
32694311
1581441072
56811571
164814905
218292287
327344197
28500037
1141039176
1339695104630657024
1550358498118144000
781236824786276352
1488894086580998144
815980628
61005910
2363678806
173203546
61005918
22208610
745716766643523585
806950217388068865
2887966823
221438056
72540266
16965740
971169901
567468151
1552081016
25354366
1084174350201249792
1079764953165324288
527622271
250798214
47374474
563273874
707977364
954581094019489793
4318224553
1078124718
284352687
740301932795990020
337830066
264429757
6480062
249749693
2149769419
12771532
43180237
4910670034
28500179
1120067796
1303568600
30597338
14868699
2317541616
291692785
1732436210
67297523
50520306
483582198
2283987194
1109537146749313024
1172280589883531264
33743103
216195343
972167316480974849
946476115975200769
1109444046890721281
1085237157017673729
456319261
236118302
720560418
1400037667
845340966
35840296
195223849
2503139628
23257393
900474133363994624
1007483026647986176
873246264426672128
926230188949680128
1082220218569633792
950536075671416832
1314220188171153408
883507792774082560
925770194731053056
32694579
1483923770
2820858177
86171975
15917384
161669450
980992824786202625
4206027082
894233415960145921
35840334
895407045838548993
1289212720689098754
1853022566
2979193193
726851953
72540530
489873784
15917434
2784158076
1086396975480745987
348316030
40034688
397599104
3362972032
567468427
33743243
47374733
2849169807
1661133204
171106712
806781616781545472
1353431803168575488
470999452
1237411
48423333
162718124
15917486
1588781490
150135224
22208959
294838720
405987786
2875384268
3013796305
88269268
24306136
16966104
811757810841255936
855418722869280768
798522694098714624
170058217
1082457803380457472
1246158383775973376
1078086933274918912
1656938984
601022963
1022550523
246604283
897977912435113985
893063723597922305
844732519966801921
1102639223344168961
872262257459298305
1102259407575023617
2686640648
65200649
2644697608
173203977
259187220
3364020771
4383271
316858920
43180585
44229163
1437150714430640129
3362358378
785973282021384192
774131352811675648
784981381872951296
1479316739594723328
193126994
717851675470405632
799747770420633600
734192215
29549145
458416730
15917667
14869091
32694885
2743263847
413327979
97706608
507699824
243458674
141746802
19063414
3346195066
478339707
101900924
2579686013
317907582
131261057
123921028
7529092
42132105
172155542
2444419747
41083560
75686570
20112051
942858936
3667059387
16966331
76735163
15917758
3257066173
403890878
369287871
303227593
52617933
1329479947463892992
744556008274599936
371385047
1362289368
302179035
177398517
553837301
2793595639
4907524853
13820672
1409498841058058242
1482273232925433858
339927816
111338251
6480652
4159890197
26403606
36889367
475194136
1736631066
25355041
431153955
3017990952
899746069348663296
1283449500082683904
1243231037628399616
1070787159022419968
2896356171
29549391
160621392
15917909
1390601052
15917926
465757031
3831685995
33743727
1073931132
204661628
36889468
836376230345732096
785051155369979904
831737294218489856
772517677403369472
783098241692889088
352510850
831581485354348545
791246651163832320
776633256632545280
773953808569364480
756971961000030209
841370198234001409
2372068237
777957286769750017
842125038367174657
828314309000327171
825379864433815554
830861698831642626
834482435987501058
755155423943094274
765797234499809284
832014705250168835
331539349
222487448
250798999
1674765212
284353437
756277676013416454
832036468956753926
832392753405390855
35840936
2812470186
930276270
1080749185320796160
123921340
46326721
176350145
16966596
14869449
2731729874
240313302
3049448413
248701927
2596463598
282256367
1372775412
18015221
30598137
76735483
21160960
237167617
67146517
455271426
1436738568
239264780
37938191
31646738
1084417046
15918105
732250122147356672
838403250713812992
1202995018652213248
15918114
386065445
34792486
267576368
56812595
132310079
34792516
2740118605
2265113677
2752701519
366142543
1240695370771881986
14869587
246604889
37938270
58909791
373482595
1310909539
78832741
845252162183729152
896415539190534144
896575445117931520
1177580273803964416
1372775534
14869615
3330466930
22209659
990045307
3223512188
853498512276951041
883858209089490945
1129812268663934977
876524294733533185
230876297
540206218
3083003021
27452559
23258257
1354949786
927316719709949954
842072478834909184
725172428339568640
780930100724391936
261285025
833154781329907712
2459100325
819127464
1059251371
974316721
1372374590542995457
1022551224
3452101815
95610041
825857637262712833
4443006143
1149428935
3541230793
1259966933979598852
3313689808
180544721
793098048142389248
791793287543730176
317908177
2966611157
164816087
74638555
1525867752
880993525
38986997
25355513
49472763
48424188
84075775
1308212347576684544
529720579
782001636260446208
705619254968582144
29549839
15918353
416474386
18015509
1067640086
144893211
210953501
851633438
766904339809959937
114484518
339928359
1387455805
2439177534
4318225732
199419207
1115874631
48424266
29549899
122873162
834925745701072896
405988707
1289938279
204662121
414377325
234022257
1579345272
291693946
2677204352
246605187
826097634897166336
1265736542145871872
1305469498275790848
763414881798324224
61007238
260236683
423814540
56812943
182642064
180544926
475194783
857220966157516801
951209684337295361
1218298624066584577
84075940
143844775
54715826
1012057849797595136
1158827401750564864
871132821695287296
587392453
3114460615
25355724
951134170222297091
954047724764057601
107144664
9627102
1060300261
1253519099650506756
61007339
284354031
262333936
3058886131
10675702
23258618
4827833853
2727536126
23258626
38987266
473097747
4179813921
1225975333
4351780396
822273583
16967217
1548936757
1105046917539614720
1092559355961069568
976274631471583232
897105749486260224
977620418671595520
1111637335475671040
991143841536331776
729510754739736576
842196547
900924618583756801
890928902541070337
19064404
911402582
286451294
99804769
1466099298
210953833
852130107166740482
874281847672459266
880117281350590464
474146416
25355888
15918708
106096250
84076180
43181718
1590879894
13821592
263382681
24307354
495117981
46327456
824840935338962944
1285454482881409024
6481572
116582053
829353835718012928
11724452
34793128
209905322
4484949676
103999149
16967345
1668474554
61007546
226682555
236119743
401794760
3586320073
2730682058
156427983
251848399
215148239
34793170
20113113
1210246874
302180062
197322462
242411234
2468538091
1036519770617782272
848508885052923904
456320752
1493250474451116032
860099316010164224
855428178298511360
887340327547412480
23258865
1294214781499580416
25356026
199280270
2316494594
1391481609845710849
4042450696
257091348
4654819093
4135773976
173205274
182642459
14870300
68347680
833815268409372672
50056841
720436222439616512
47376165
373483300
714270504
3007506218
1029891900
2290280256
962783047
15918923
15918924
371386189
50521935
2204297040
766699346
2231560020
804901373678534656
824274674070667264
15918936
564324185
32696158
2217928542
56813412
105047912
1336469531150073857
293791614
510846846
2726487942
23259015
225634187
14870411
15918994
3194152854
28501917
51570590
21161888
722555010588872705
263382947
56813486
506652594
2561861559
330491839
447932357
35841994
1195567058
2313349082
126019552
100853734
29550567
22210538
294840299
1080958905180700673
2783111155
75687924
28502007
21161976
61007871
324200447
278060293
124971012
22210565
22210568
795317184327192576
821954079723229184
624093195
1456117162523889664
804983258408685568
731047951
823172339680546816
2358437905
2308106259
453175316
2356340755
36890646
108193814
2990729241
304277530
750970910
14870558
751075331801485313
3312642085
898820142
2692933679
1383262262
29550648
3121801276
1120952978393849856
239265855
1163736974064148480
2480072786
87222358
858974298
107145333
282257528
186837122
1413671046
2153965704
91416716
14870670
813885584
237168787
15919256
1430448284
1037232284
23259295
1270016162
116582564
16967845
14870694
201517224
69396652
2328029358
14870705
3344099513
989625621629296640
1032107442728001536
2328029376
704101836157018112
737339586
1181289853620772864
973972108660367360
1013134616897708032
472049862
1689446599
1109584069
1576200391
415426770
15919316
1186614859301052417
204073856
6482142
140699869
1467148514
32696548
87222505
4573030634
65202414
15919342
1139189085241794562
3376605424
504555767
1858267386
295889152
726853892
529721607
935192992826187779
1512237330
720562454
19065112
21162265
160622878
3141724450
182642978
37939494
238217513
1596123433
2480073006
2244143412
263383349
144894262
2166548802
81979715
863168834
870508872
250800463
354609488
122874204
91416928
84076903
759359851
266529133
516090224
558033266
1581443442
897088319032635392
23259506
2475878778
357755258
22210943
123922818
20113797
86174088
1175478438704164865
130214290
1221781908
372435349
297986453
581101974
322103704
1602414998
15919519
16968099
820089252503519232
62056879
366143924
2371021244
62056893
1392504751078748163
106097093
1908599246
568519130
1228196799208312832
1199230169669521408
151185886
12773862
347269608
127068662
1092807158
22211071
971557710129872896
805812354222997504
400747011
814951616340115456
2712857093
797255040746471425
918096915387990017
947532584916959233
818830485593866240
946493992635547648
979406629819990017
1444939332825989121
553839116
722158579231236096
946395678854430721
756905371462017024
1449438839550853123
867486782035599360
973946828033966082
1432647479485349891
839850248612691972
585296404
937181431943479299
793963034
516090396
219343398
2886920743
878897702
918859331465912321
1504176569375342601
1384311355
42134079
431155779
743631433
862120524
2980244049
2631068245
1168626764580605952
1049605836685922304
946860691654397952
941143508215353344
841097997089984512
966389552540766208
1013383864922886144
831576419666972672
1154071444684492800
1352734670555926528
16968286
105048679
21162600
623045225
246606445
2720197230
61008498
860187978890694657
1325574662101880833
1194398838246821889
843846647310405633
3016944254
465758848
296938116
795011719
114485900
357755533
821228800973348864
764296845875093504
702878075881660416
2894260879
155380370
47377043
834049030317547520
246606481
821898960826671104
4441959074
2468539044
113437350
745850287756288001
20114089
343075516
134408900
52619985
4385491
49474261
66251479
1016091882856706049
3027430109
15919839
370338527
48425695
218295013
193129190
858974953
177400556
800013615705313280
234023667
455273205
347269879
4872923896
49474297
1276308218
207809284
48425735
28502793
314764043
477293326
3401771793
1922231060
339929881
106097434
2528307996
69397283
36891429
180546346
230878004
153283383
69397304
9628472
28502848
824715999916257280
769040658833272832
284355394
1112730438
2496850772
84077400
15919961
788957124411977729
419621732
29551460
3149065064
180546411
107146095
15919988
945051676481798144
10677112
707980160
67300227
47377283
2165500806
1254288264
148040585
137554832
403893139
4720880535
887286680
916646815
88271777
960687013
14871463
740236108726833152
15920054
15920055
3438472119
3171085242
957541310
311618496
219343808
61008839
566422472
61008852
619648774
89320409
343075806
2596465640
16968683
326298604
23260140
3213028337
574811123
469953526
14871546
18017277
2277698558
115534845
404941821
202566660
838003716
162720775
23260167
43183115
40037388
14871565
167963661
568519695
1323494418
809692183
3390237737
