309521491
21163093
23260248
14871640
2216881243
1120507397787783170
1141865003135438850
1061508635832967168
859519311051841536
23260256
861689710497849344
497216612
26405994
344124523
142797931
847245169619460097
460516473
79883392
314764424
40037520
435350672
1299004480071938048
875360854593515520
713464292532563968
778252346258108416
1219685527
176352408
23260313
21163166
15920291
3059936419
1684204712
16968876
933424308
4833078461
461565117
815983808
1270673098493300742
480439493
46329037
37940435
2377313492
21163227
1262905809157185536
1165694644660953088
849538279
888031054141022209
76737783
1135013673557254145
76737787
3072519423
2696080651
37940492
22211858
838814927385145344
826663725096644608
569568538
22211869
3253923108
554888488
825323697447776257
826224087949258753
59960622
2340613422
407039290
1457712445
704873420668862464
1037028403734446080
738180557041893376
1089245700217438208
57863505
11726162
948104532
980583007227543553
909427627978457089
743922732895633409
97709424
30600571
48426363
109243775
150138241
344124804
588443013
4440911237
1468198284
3220368787
163769753
51572121
595783068
15920551
3302157749
169686021
302181818
14871999
21163458
45280709
825052371583696896
819843029372698624
21163464
2891115982
1499655631
44232147
35843543
2747461086
321056226
47377892
31649258
612560364
110292466
42135031
327347705
2309156352
21163525
2381508109
16969230
413330965
247840772
167964184
1170402840
287501858
23260709
252898858
726571569909112832
829864382326677504
2185424438
906161718
49475128
334687804
320007742
209907266
737129230882873345
2288184907
306376274
14872149
19066461
431156832
3549621856
1520627299
2388848229
11726442
23260780
4849856112
2999119480
1059147780671918080
1453678965693075456
184741501
3380801151
1068691076
4077055624
932376210
27455144
70446761
19066539
1284329022613344258
1314017584614985730
44232371
829615795
49475260
2317545150
148041415
1246184371285041153
1941106381
579006169
595783389
3144871648
19066605
67301104
558034679
21163774
426962696
19066632
16969483
69398285
553840400
57863954
3240292114
799451616055148544
16969495
2404577047
164818716
279113507
23260973
3301109560
230879035
1838346056
497217357
18018126
14872404
18018137
1021842836357083136
1010888468581543936
942182381406089216
1042931644397744128
1300204957136809984
858877958089568256
799976953759625216
62058339
1066015342340829184
525528938
3390238571
24309613
381874033
1301475193
164818810
107147132
2179133308
335736705
2874339206
108195729
231927698
485683092
879771304316071938
816282120767291392
1337861701379780610
250802068
33746838
821618619780055040
223539098
15921051
36892573
829519531022368768
1486396851163119616
15921060
121827238
20115368
821806045710401537
532869054
4526895039
796061634
1434847689456369666
14872523
1735585741
451080147
173207512
130215899
714272731
3210932194
361951203
1241061
296939494
207810540
340979692
34795502
50524152
34795523
302182406
314765324
279113747
2372071453
21164079
399700018
18018355
36892722
126021686
28504122
3331518525
21164098
15921221
196276297
1546996631127658496
62058572
5435472
730001492
46329947
746004393493991425
1394680198705123329
2179133545
21164141
3328372847
105050227
19066998
79884409
142798973
621998206
127070335
933075203185303552
706605867857088512
775178510398656512
834230381092016128
1167386154351464448
830529510348951552
827790696140509184
762135729841377280
768421366160691200
785744300705320961
828608734167306240
53670027
1214561759551295490
832624401820422146
912680365478645762
1262630992054849537
113438864
1225645427552161794
1243401253024960514
912729106344579074
1268968444403126274
1253466887477792771
950534709100011521
1280159809816236037
771314006065680389
935708525535170566
1212951775323361286
827875072551424006
2896359586
759004945408331782
430108836
2298671269
784527522
1298040924350451718
14872746
789231828682977280
785303121165594624
751824389037928448
717154074068561920
2361585846
2515726524
416477376
473100486
877905807639183360
754750765005058049
10678512
4581421307
921553387531001856
1030287806474739712
1097161746501066752
1105917253156069376
981224974492098560
923811767234584576
291696905
582152461
877850894
569569550
2149773584
1146100559155552257
991687436442001409
1173777513094569985
61010204
1661137190
20115751
2618487080
4821545260
2402480430
1074897872989184002
1700983088
994340871658188800
473100594
1099397532654940160
130216245
1051690957928837120
997207541011701762
23261496
1122994270883983360
329445690
980157032073441280
330494265
18018614
74641729
45281605
7532872
1174459487454932993
1134238064694439937
23261517
948105558
4541575513
550695257
23261531
3369267557
78836070
3308450152
275968369
221442419
139653492
67301749
1301610802399588355
203616641
132313475
113439117
213053844
738147542655848448
1067993173345980416
13824412
1045007042027474944
108196255
545452448
281211298
1215492517
3030577576
35844524
75690416
1523773873
18018740
118682045
2298671550
15921597
14873024
1374876098
3027431880
1410527701
231928278
23261659
58913244
349368797
18018782
1110634975
18018779
1265130199622057984
1099826317598621696
870734763484741632
1090038910691016704
798563474146295808
807790926840168448
1559841350710951936
757031496876261376
629338613
724759034
70447611
330494462
792140139027988481
761235646015045633
822927783160676353
1241601
14873100
53670419
15921684
475197978
1539230869008830464
2792767495
121827883
2471686701
490926641
200471093
741536310
402846264
21164602
3187864126
295891520
3653431875
2266165828
302182986
705138177544101888
69399122
407040598
1164112472
811790936
79884891
997388894
3152212575
263385699
1684206188
51573359
226685552
26407546
529724032
18018946
113439364
119730825
44233358
19067539
37941912
113439399
2714956455
48427699
15921862
450032326
365097672
219345607
1548939978
72544973
258142932
2209542872
3494048472
110293721
949154528
2451763939
210957036
635630320
500364027
1228075772
216199952
24310549
159576858
30602016
4173525793
1157150001039982592
793965368
2818765627
20116287
355660627
24310615
177402712
752022360
87225179
2726490976
2969760609
33747810
517141358
48427890
312669043
23262069
1608708985
40039290
874705789
53670789
2163405702
333640584
151188360
3237147530
14873483
898823053
1197667214
41087893
15922073
47379354
424866715
381875108
111342503
466809775
287503285
1104806222044250112
1887630266
2493707196
79860489
178451398
337834952
47379402
121828300
4639093709
14873550
1089125079550705665
1082834938884440065
706158379589353473
1069209548127387649
133362643
58913750
2688742358
291697626
3583177705
369292265
35845099
2536698861
2527261678
258143215
15922161
1685255154
554890233
160625658
21165059
27456515
599979015
23262217
62059531
54719505
14873618
2149774357
919794715
285406235
4689425437
1074159165327564800
1138289439443017728
34796578
15922214
55768104
29553711
281211952
2705519664
490927156
2471687220
825599763558981633
3479368763
81982525
72545344
19067969
2933060672
3339331
3907187785
3118658633
397603917
617804879
399701076
294843481
1342370906
448984155
261289053
21165149
534967401
2528310378
594736235
33748076
1136592310886699008
902354015857643520
34796655
1531114608
862688525074010112
14873724
34796669
27456639
1395959185179697156
970674607169703937
968538316206477313
35845252
1227738270743891969
374535316
202568855
21165208
265483421
790985546210369536
760622345778257920
1298330790
14873767
1030943912
903017648
1378022582
14873782
757655008708026369
242414778
286454974
27456709
306377930
105051338
2832397520
785177700432424960
378729683
771352364989100032
1252193492
97711317
2966615256
68351194
21165276
333640928
18019555
2429744363
14873837
553841910
347272439
971175162
95614206
20116741
800351672912314368
369292553
2887972108
478344467
18019606
282260758
1478880170975059973
1230173468
852743375132295169
544404777
117634347
165868850
2444424500
478344501
379778359
101905727
2889020743
469955922
1439776924801380352
32699731
198374745
3422745946
77788517
164820327
4343395696
516093297
84079993
3167942010
1225979264
793157547909840896
893044946256658432
762007213116358656
864921152510099456
1221473260287688704
781483248052469760
898328703071027200
784531634376802304
52622731
1242511
1207104912
347272592
104002962
238220689
7533972
346224020
4388251
1517483419
193131934
866472592407920641
243463582
1261882323726893057
198374819
97711528
349369780
2272458164
86177206
61011383
3224565176
875692955184529410
893398798000508928
1018594787207729152
44234168
127071678
293795264
1710421442
51574210
33748418
2184377798
2907895239
256046542
453178834
68351446
244512217
15922651
30602720
577959395
254997988
228783589
3381851620
49477112
487781882
1306719740
15922687
4093834757
165869074
3864196629
14874142
2468541983
2748511776
3269654058
2873292336
2186475057
42137138
22214198
29554231
1241708090
950416554713337856
981198201997938688
1009357062004985856
922854873401577472
115537472
3012752967
50525770
1107129646372540417
1082765412520087553
3226662488
116586075
15922779
475199073
538113640
177403499
56817260
910661021014085634
914504177203650560
174257775
879105626906927104
435353201
978074227596173312
15922806
513996411
20117115
2371024514
26408580
34797208
2807232154
2472736410
567473818
56817313
2412967586
1316056246605082624
1346906728256794624
818998415497392128
1168081522533888000
1225148759438290944
3083007660
7534252
22214318
3381851825
1112981352733765633
185792189
58914498
3404920522
15922892
2172843734
19068639
864302643069558784
882392934724902912
32700143
18020081
185792242
326301436
149092092
2492659458
905431451759517697
160626443
15922955
61520345
18020115
18020120
2407724826
21165851
834809948882235392
106100515
829822214098808832
490927908
2201155366
250804015
34797363
1578301242
1160967998
20117313
22214469
1972565833
70448977
1503094659085737988
824305044191264768
925470168465096704
2357393240
994946723381329920
14874462
2798843756
545453935
763208946249113600
1116927858
1441986433
2978150277
1472395142
764606346
779759728729526272
24311694
116586383
15923093
18020246
291698585
4595054490
2273507228
354613151
629340070
6485932
381876147
720566202
3294820288
25360324
56817605
373487558
2914187207
19068885
1055414977362870272
65206231
385021917
2427647966
338884575
1435695072
2287138787
123926499
540211177
1089104733044948993
250804213
3396532215
787675130
258144256
453179394
1546844166
1394017973480853504
783719151684685824
1325269610942304256
14874637
15923226
441645089
1442771074970685441
1905457188
132315176
22214699
27457580
3334666295
20117564
91420732
2287138878
1064299580248875008
1036980525934632960
1181618542526914560
1363664527045222400
47380551
264435784
1329789001
231929934
390264913
19069018
32700510
2801989732
98760805
611514477
165869682
528676979
264435837
245561474
33749123
26409094
64021374
2229467289
85129378
74643624
24311977
52623529
94566577
97712311
44234935
1229125820
1006577189012299776
1074870123956199424
1004470608485343232
1684207818
222492885
1124597567768158209
3633510615
954413281120280577
1036044807158816769
2444425436
234027231
16971999
228784353
15461249
947058913
44234992
727150541260906498
16972018
15923445
21166327
101906681
27457788
165869823
2547185922
18020612
1547955422354583553
407042319
24312086
48429335
20117790
111343903
37943586
19069222
15923496
18020652
136509750
66255160
10680632
3308452155
22214972
54720835
2928867656
130218313
83032395
1411578198
833812824
15923563
37943659
73595243
4574083438
497219948
1234073123152179200
897279384280870912
1021188931998691328
1140933693952995328
1601370486
1228499933860442112
1321400696
2513631619
21166468
1285775624855072769
1045324746605441025
854784403
73595284
84081044
1289232152257867778
55769509
824294570280255488
753385964819611648
804191372408422400
1381804266868867072
284359080
104004011
837694257284677632
2636315049
786677101365723136
15923634
265484725
1148385722
4774361532
116586946
965781174449836032
2730686924
14875084
737343950
989002188
385022417
738392533
21166551
281213402
77789660
344127966
602077666
22215139
90698257
544405992
4063427052
313719282
1207331635890311169
1122171384
1083795319027089408
1058697111770972160
1060231218556518400
1080618357018279936
1094784333028737024
845028738542813185
1069684565357314048
921893377
1102941584595828736
1260204338519162881
1273114757948719106
1259422974748344321
262339077
1248887557645090817
1261974853458018305
1066822370361556994
1270740025467158530
1079014444196380674
1109181077967552514
1248359868299427842
1265315417784008707
772903361616027648
1278082319774072836
2927819278
25360912
836589914657603589
1059918839645945861
1257806308054614021
838161244515418117
1064296043855167493
1097589541693767686
62061088
1236394228999208965
1088894710276636679
894264623632752641
1270110112041091080
2279799338
46332459
1253008888070357000
28506668
1265304098833907720
18020906
3502438965
20118080
35846726
2444425802
25360971
19069521
2584934994
15923797
559086166
56818265
830665497238786048
959617359110688768
1010033614745194496
941850273408045056
1014184252886437888
389216861
817876217428922368
1190840499051122688
953017007989018624
1224519736358293504
326302310
44235372
3027434098
1004925834552102913
26409587
1675819645
1851980420
816181091673448448
568523406
760516442911547392
86178449
745027421821345792
703214002860597248
260242070
40041111
19069591
377682590
1177746079
3026385572
824790486762266625
379779760
44235446
2280848059
2361588415
805501632
1183959961694433280
1163704275303723008
9632452
1150504057317945344
839128479291469824
2434988754
51575511
3393387226
3528653533
13826782
44235488
1340275428
450034412
3437427437
962788082
2900556531
562232053
38992631
40041207
42138367
289602303
23264001
38992642
14875394
3256023830
179501850
22215485
2650995518
762777848524500992
703809447567749120
1353035992140279808
476248898
766433218954457088
2832399179
390265677
15924054
18021210
378731377
5438322
872871203836379136
892128385492697088
852708006345162752
274922368
151190403
194182030
124976019
2296576920
2447571870
91421600
92470180
193133486
111344559
15924158
827726825262452737
4056087501
456326093
22215642
23264219
3091397596
460520412
188939234
196279268
43187177
1737686000
1276312562
244513778
3330472953
2158164986
1693645824
42138626
1930624009
21167117
274922526
258145312
856882214
1103667503589396480
234028077
94567476
2805136439
900922423
804453434
909775090883137537
1184514495869259777
1206248130972389377
54721606
1229025716932612098
1324051840439324674
845465022046232576
251853919
4758633567
284359777
783485958536650752
98761827
825694546700886016
768927156495802368
904576061014368256
36895848
171113581
14875758
24312943
258145393
165870711
18021496
14875771
221445245
29555839
21167235
134413443
1059257484
18021517
76741772
704372200434839552
853836768130379776
704954563640438784
1302519526810988544
1545796759
132316316
274922654
19070122
1043528881
40041652
434306228
210959542
802356409
2181233851
1307914040916742150
841755920375910406
109247682
31653060
100859077
462617802
28507349
1071840474
439549149
764950242244648960
386071775
1137030473568444416
867911675386748928
862867605664784384
1069743331
261291238
2981297384
1297284331
20118767
18021621
128122101
6487292
222493955
467860742
1698888968
35847433
25361672
3309501705
1859321100
2612198682
127073570
2309160228
1584594216
1302264539824742403
865271090
464715060
803405112
21505436
35847484
87227715
1179954324362821632
736035340469731328
947980193284554752
385023307
580058443
2188574036
77790551
787676510
18021726
31653218
1905458532
1384316268
282262893
370343276
14876017
19070326
3131243901
2685599108
128122256
198376851
848493972
22216085
829619610
429063580
1135803812
34799014
3545431462
14627843
231931315
2559770045
27459008
81984965
825365878833348608
1343971643543191552
373489099
719519180
48430539
165871055
96665046
461569495
108199386
1335033307
411237850
830091676446294017
2742222306
3306356200
124976633
52624892
978517507
15924743
19070477
208862734
16973333
609418776
144899612
3227713052
101907997
1630731811
2885877283
314768940
741052320989880320
3380805167
823226457090465792
192085553
45284915
93519419
21167686
283311687
3549625932
1342373456
545455699
48430681
806551135
3409116767
175308390
1684209258
11730542
2169699951
33750639
44236403
240320121
958115621476225024
941674227895357440
1429171081697546240
1055806360946987008
47382142
316866182
1244811
3044212364
21167757
2379415184
1249696999831752705
906677614596837377
1036732879336886273
1183930293784399873
515047062
1851981464
1631780510
3011706530
27459236
1319048028960051202
1078237287337598976
1066109523759374336
1070976848060915712
710203862246924288
2935160504
330497730
934477507
716521602565799936
1072197944844132353
56819413
636681947
25362145
1070792418
890437346
38993636
2482175718
2371026666
294846189
3389193971
1033587893829357573
1364849894389805057
339934978
37945091
1112735490
32702213
555941638
3841130248
542310156
72548108
33750798
30605068
4108517133
468909841
18022162
157482773
802806706400935936
810106012984164352
208863000
887454100492664832
2373123864
1134755610
816790149254103040
85131054
27459374
108199729
905117490
593690441
22216534
6487902
29556575
906959170334846976
953998808580583424
860218051643535360
816105711709155328
1030107950495526912
1307770723
33750888
14876522
188940140
310574957
41090926
5439342
14876526
805502840
926886866179289089
19070844
851675294046056449
847585208501235713
30605183
418578305
3588423554
398655369
55771018
382926732
14876557
468909966
377683857
1081601869259173890
1029514739276279810
825570100694630400
1358966166182576128
2568159133
249757601
303234981
256049069
1583546286
1476191163166113793
1361763132637593601
551747507
1169358776
2892169166
136511440
912457682
507707348
214106069
2372075479
2433941472
1128464353
19070944
499318755
121831411
524484598
325255181
38993936
184746000
545456157
24313889
462618657
2329083942
24313895
1531117615
289603633
29556786
466812989
801090985161854976
702890489981374464
2753757260
1347739625360658432
1170407504
23265378
333643875
94568548
575864936
594739306
69402732
49479788
27459698
757290821704159234
917551703578238976
366149758
793225590937620480
831333691414679552
738023276648206336
808400117107658752
828779144490127360
740512858736300032
758709906098753536
756676247674032129
822761968322875393
755817392761081856
731553184133550081
819696418805911553
823728914208002050
823337856395513857
141754508
829723958744322050
803289739767975938
826485657321213954
1399952023722790915
575864973
708363013078781956
2409824406
793898231000338436
1397558515321933828
1379160862418669571
833378661071982597
31654043
1447346845731131396
336789661
574816414
27459734
1449692761129619461
745843998871392262
193134751
1423106876657504261
1446106585743364103
279117992
455278761
704725801938325512
1415345865250705416
1450536198150164488
15925421
1449328814
1420023661168300041
760562349833129988
14876847
743526974337888256
1408181571065090058
1430937888649252874
22216885
1423685018145132555
623050954
37945547
800120875781500929
3827499213
5439702
2759000281
472056036
1649606887
116588778
118685931
924446329732063232
986387792950452224
609419519
553844990
1023171838493581312
1141047558
28508423
66257168
3119710481
2892169491
20119828
448987413
42139929
87228706
322109735
2678260008
3074621737
3312648495
20119856
729405579261816832
1069679196199366656
1239264387522801664
894350201229586432
742762173785616384
978112890040397824
1008658677048455168
35848505
1661141306
872554528545091584
3623027002
889458549159538689
51577164
1887633740
198377806
1653801295
889950524778393601
21168466
718471512
1051918682
102957404
54722908
855834978
963529954578313218
991503837860114434
1226903700351922178
2332229991
719520110
41091439
116588914
10682742
24314231
16974200
1692598650
49480059
1478689148
1013454451489812483
1012072826
4894949759
4212326788
1022558598
374538632
334692748
3895656853
2638414230
24314263
1410531733
37945754
742580860918976512
1071841692
1066548218979176448
151191966
1340530387945017344
16974245
261292461
1001848977409617925
823230421068435457
349372868
45285833
70451658
46334411
534970834
61014484
196280791
583205343
178455011
370344419
1374415639800991747
37945830
234029543
1075006185185705984
1307571736481857536
1107995758119321600
1093261491632046080
345178599
84083187
15925748
165872119
198377978
1307771388
1022257111621926913
752026111
43188737
1244042614980182017
397607433
385024522
481493517
2714960406
108200472
1534992301482725376
93520414
100860446
765657632
1527972391
80937511
110297646
81986100
366150196
256049719
21168703
4266852928
127074882
250806852
52625991
1095959112
229835338
482542156
2971861582
760533722315694080
15925840
1912799826
281215575
15925848
435356252
1470300768
3321037409
242418273
751702957096247297
33751655
204669544
1020461678
524485234
53674617
2225275513
18023039
4222812803
181600903
42140296
328401546
15925901
4307747472
2794652304
4768072337
20120211
48431769
23265954
272827043
1525875367
3193111209
76743356
34800320
19071682
3245540035
3624075975
743250684775178240
739408268519481344
1334237545828392960
594739923
181600983
299041500
81986272
539165410
18023140
1433092438332219393
1434211012098596865
231932649
486736619
330498812
1486029566
3360883455
523436799
1416934051957645314
18023171
12780292
63111941
43188998
35848967
242418441
350421778
65209107
393413396
206766874
16974619
97714972
35848987
4691526434
172163874
25363239
2386756392
314770217
1020461864
979567400
2247295788
243467061
1179893233037393920
1319695695201222656
450036537
914555706
3074622265
404947774
3266511692
839511300245864449
2476933974
4526900055
249758564
1418920808
213058411
20120430
121832302
80937844
100860790
2581791612
321061759
1563530151836938240
102957960
1180894088
29557642
22217613
214107024
177406869
40043415
588448664
37946269
15926176
3833791396
18023344
345179058
320013235
21169078
718958514262163456
1136669211504328704
841816477892263936
1176864601394298880
312673206
3161654205
401802176
28509123
2790458307
2759001028
3153265607
23266247
995296201
510854092
727210928849207297
886244306
55772116
56820694
215155671
485688283
2573403104
22217701
137561064
59966446
2349007866
23266299
9634812
971179014
2148729869
590545936
2932016145
18023452
23266333
134415393
54723619
87229476
1080865917377097728
1280508978
1618150484
439551065
364053594
3131245666
3093496931
72549479
490931304
136512616
889160264351977472
1216901713254387712
1196580294536695808
2955084909
3012756589
594740337
802358389
2314404984
1641219194
87229571
1114834052
1224477953960153089
410190982
4696769671
121832583
3247637636
850540603473629185
64160907
16974993
19072146
45286548
989004950
846726555476922370
1380234244069416960
15926431
825802525056065536
1578304675
21169325
21169326
539165879
287507644
1481019404
2343765186
265487557
3058894022
779289799
53675209
151192786
37136769
18023647
3231909090
775793412045877249
76743917
904070394
116589820
101909759
306382084
142804237
65209619
177407257
130221349
257099046
1040385319
9635112
474154291
1688405310
15926601
588449097
1123726446776680448
1588790604
1654850894
63112528
19072339
20120916
87229781
13829462
221447516
53675359
633537891
231933290
42141036
87229809
13829492
538117494
3430090109
1219691906
473105794
853271898087620608
139658631
974363829147664384
771794491581792256
707549113416548352
223544711
902934035848101888
1292617719989272576
1301181585203527680
1431504266
18023818
15926683
502465947
1387417550133342211
1015251699835994113
31655327
1121050427028537345
871033495895801857
890340930816966657
1012429019411775489
582157733
170067364
844301750
948594358231629826
499320248
1230065791720017920
1334971454551543808
18023868
160630206
116590031
3221423567
4865590737
532874707
1337976822483439617
19072472
467863005
159581677
403899885
47384055
40044028
3374515709
2161313281
16975362
636683784
61015562
481494549
46335511
3793946135
113444380
20121119
2941453858
3807577636
165873190
3641902636
704841265
67307061
2331182646
850721299651547136
1083735142454185984
932625987757592576
1024227253876609024
1403192892
857641969434152960
1046938994766958592
867767690915663872
696707263151656960
194184771
50529860
35849804
294848082
487786066
1512244830
365102686
2463303265
188941922
2518877796
38995562
15926892
952275493327314944
88278641
127075955
1087571576
1411581564
227739261
282265215
119735945
13829772
2634221196
2753758860
70452880
61015704
65210010
2467497631
230885025
2614298275
2949842596
4926408361
16975530
503514801
2372077236
44238517
2243102394
1158640986181890049
29558458
19072701
3018000062
702891291533668353
1553139392
155387585
18024128
1105161485783691265
1471841150067568642
58918620
236127970
1286504149933334528
76744430
2375223030
516097782
20121336
749930239
837947834494148608
37947138
32704259
1039390746120347648
1053270311834017792
1035776620865314817
1183400075197734913
1223338970378985472
732190143465971713
1213140800617373696
732939048893865986
1122158595347374081
4335011597
1044278154192281601
1316155382268485633
1187937104266846211
1950549776
1275081350115024899
1380557295482888194
755173140
1212030791787536387
22218511
1270713185402675203
1355927610841161732
258148122
1283557743186468869
56821533
22218529
61015843
53675813
1525876519
4693624616
752201682189185025
2842887996
16975683
558040899
355665741
59967309
52627281
2688747345
1346155781654134784
333645655
818298820597465088
1198720866
40044386
183699302
3368224619
605226861
47384430
374540142
386074486
334694263
342034295
76744566
56821630
587401087
35850114
19072900
1189619277701058560
704696823001124864
18024331
781215758483197952
15927181
1125843325502623744
372443035
4158850972
2918385576
171116456
3096643519
2925725638
386074567
2421360586
22218699
3309504467
987957204
43190238
3243444193
20121575
551749611
226691055
402851833
2792556539
308479998
1227370112765878274
3254978567
3186821128
820776985693655040
722162049791430656
824634161604464640
83036174
2647853077
46336023
42141725
15927328
509399937
772079228078657537
814954469255417857
832308039801769985
40044580
79890469
99813415
44238890
369297456
38996017
305334322
104007730
2471692340
283314230
1061340799160344576
316868672
26413133
313722961
3313698901
309528672
158533731
2807236710
1315113066
13830252
7538802
2433943670
3327330423
16976004
23267462
26413200
328403096
204671131
915596161
160630947
16976036
296945836
2975008945
16976061
951503553926979584
990954720473833472
917024316683902976
922524726681067520
24316098
1008773889097392128
397609156
1190460200169431040
1134088838161293312
181602503
61016265
76744905
3170044118
1072892119
1169316779472117761
514001115
3380807901
97716449
758319330
295897315
58919137
1056549313222991874
844588959871197186
1080352168132063232
161679603
72550648
1102252286
16976132
86182150
160631046
1356249876280041475
1380124938
2588084496
1228081430
575867163
743164211518275584
2518878512
117639473
1132661041
2706573618
48433470
87230784
344131904
20121926
417532239
96667985
288557396
1279461716
244517207
1599277400
93522270
76745061
20121960
164825449
4214425967
879466196806119424
1150666380162871296
822282612
558041467
2472741248
2188577154
70453641
851536940382007297
1036658317979004929
4391635349
333646231
1047827998907543554
2251491748
841458221000851456
1496517030
2365786536
838810388695252992
87230895
62065076
1390293905665667075
460523969
9636292
23267780
461572550
387123654
1684212174
110299604
834865621
1469366246449852420
1240397155812225028
15927765
27462105
767833060662398976
98765275
749016639287414784
488835552
1360202209
106105314
483592678
161679856
826220111874891776
100862453
77793783
378735097
2371029505
16976388
3415411205
279120391
15927815
251857426
105056790
3254979098
389220891
45287967
1663240735
2345863713
775001102433394689
42142250
556993067
41093688
257100345
18025017
21170747
4265806394
104008253
1046678078
35850827
18025035
74648147
999940023247130624
795776713796046848
19073628
816244711157616640
797178995922128896
963859127201124352
971779483907870720
453184097
1351910696926269440
984472390020321280
2827160166
50530930
1193666418287529985
2530413180
971180676
372443784
159582860
869588471261908994
797467591006625792
46336654
813745126216441856
808716329398181888
972197517369757698
829087320628404224
35850907
587401891
33753767
724690807916208129
217254569
2616396463
226691760
227740337
728959669
66259640
1508051640
472058554
892537531
3188918976
15928002
954271376394743808
1146776116306178048
1278662030325510144
1273749447806087168
1268760274208616448
977507435081428992
19073735
1269402877551767552
3188918987
234031818
14879434
14420097
19073744
22219473
400755411
21170901
846787476656181253
354618072
31656667
45288156
1138300398853222401
87231199
15928034
43191012
911411941
2889026285
3345141
5442302
3305310980
113445636
27462404
497224455
110299918
2479033104
10685202
308480789
9636632
15928094
80939807
568527648
4133686048
2743274274
3226667812
13830952
45288233
383978282
100862777
96668473
19073852
1436748606
1641220927
1299385152
472058689
558041921
803034377680777216
783463573217538048
91425602
808539468118552576
18025288
2537753422
374541137
1248081
455281493
919800662
33753946
823361406699499521
159583068
3171093349
887294821
857586716940652546
2301823855
473107313
4886563698
107154292
401804150
947012342751019008
107154310
1623395208
363006860
22548228
2214792078
16976787
18025377
25365410
23268258
1646463913
748574692982689792
278072240
2600668084
21171124
131271607
33754039
3322088377
1954745275
1954745280
748273062798200833
2352155587
278072261
58919878
3870493647
1726155727
2544045019
16976859
38996959
2544045024
3695381476
34802665
1038289909
801311737
2415070202
576916475
2897415180
26414094
3156413466
25365536
217254952
340986921
1219519840169398272
1146784798792388608
748243865589682176
1115172079630979072
1119265095417237504
1238907364419473408
3023244333
113445938
22219826
24316979
618859572
25365554
1352862780
80940095
1477387978909663235
977141997998870529
1138641471005954049
1230155100464779265
1158610476919590913
597888071
734771575384346625
1136409586955620353
2556628038
48434251
1242498921299087361
2568162381
18025557
19074134
1222342427178078210
913904582211756032
767754947584679936
3256028257
10685542
128126054
514002030
2593328246
20122742
550702200
14879862
757358069785387009
330501239
227740796
522390654
16977023
42142849
116591753
2566065289
165874829
260246674
785641421692743680
3075673237
2800946331
1324551331
973974975014146053
250809514
1305631648709357569
262343855
111348917
80940214
410193079
32705720
2231569590
34802881
25365699
584256712
22219977
1040387275
142806227
43191511
183700701
1168346185410764800
1272888825795272704
40045792
1150201587115188224
1161335463048863744
43191527
2426604780
15928565
207817974
889970750232420353
1228805862363455489
1196791673281536001
2752128400
80940290
22220045
50531598
1337515656237953024
135466259
221449494
2725448982
70454554
19074331
170069277
119737639
32705833
2966621482
1367513691982356483
81988909
581111087
31657270
134417723
338890044
3463646532
1010262435721183232
734273576430272512
1265861162186375168
935904696643944448
117640526
334695765
1035144534
34803033
437456220
926994950197149697
47385960
2918387051
174263663
58920305
472059250
4841475441
47385972
2349010292
91426170
325258622
523439488
419630482
167972243
5442962
36900245
96669079
2153975191
1908608407
2380467612
268635554
707988906
836963754
3317894574
65211826
325258675
21171636
951258554
14880200
29560265
84086221
994250190
500370895
3293777366
1935871448
258149859
214109670
455282150
43191784
414989313
19074538
19074547
1904414202
2301824508
4811066880
1673727493
46337543
2186481163
4559408663
2678263322
278072859
18026011
3666021917
111349290
819242643150536708
19074612
2612203062
22220347
218304060
519245371
25366078
26414656
35851845
988512721036509184
24317517
1969426021
14880357
23268972
30609006
222498415
58920564
14880373
154340984
1076806870235598848
1015968925849473024
1011675927795978240
985958681534779392
1035137668760457216
1076629570764394496
3400732288
18026123
2989690512
1162022544
110300816
1261042310969806849
23269009
968645990487150593
485691037
22220447
1383272101
2887978666
51580587
961686179593834498
940290853695901698
703642519498825728
1091034120254300160
1226101147972313088
1269007243120386048
707234133286756352
160632496
61017780
1418658057651998722
197332662
706919457139105792
1729302205
1548947136
49483465
24317641
3832745674
24317646
3135442650
143855326
507711200
1324129117537738754
495128297
596840170
2761101042
124980981
2778926838
2432896759
2198015738
91426558
1278414596
1905463046
20123403
193138445
2170752786
2748518164
800126873774604288
894383746090024960
917636163233398784
514002723
50532137
312676137
3293777707
210964272
245567280
248713011
110300983
187895610
373493562
270733114
583208775
120786761
111349585
290656088
261295960
1046544718803464192
919025262884515840
807473745900302336
928829957035487232
102961001
3208843119
2291339130
974963248733843457
959816209045876737
917048677058965505
808154864362680321
2298679164
1012698753013346305
21172098
43192205
6492052
1361013158740115456
819541338186203136
2911047586
1056116647
34803630
820398438638567425
829844315115503617
803984530700910593
1518743892434239489
562237370
3038973890
1723011012
1454001679968387074
411242440
1520612280643162112
3232960458
115544011
1018367982
48435188
498274293
13832182
1881346040
612569092
33755142
49483790
715329558
79892502
326307870
361959465
285413424
2798850098
26415156
364056632
7540792
53678140
342036544
424368002
487788617
712194469735632896
72552523
1271074890
1439017907124637696
88281165
819204602117689344
787400272654045184
174264403
2971865177
858984541
25366624
1505691112190709761
19075173
399708261
67309671
108204138
28512367
622006391
1327281645343412226
19075198
1100503983511166976
1027550487212580864
1008883158111084544
196284549
14880903
18026634
330502291
837132271278821379
1336116438168440835
908135618475057153
97718424
1608716442
243470492
268636316
618860700
267587741
164827296
394465445
18026662
1945309352
715037269934149636
804016885045964800
808464904575299584
33755318
818090179
59969734
16978119
2779975882
19075277
35852493
504565967
1639125204
398659797
3330478295
29561048
28512473
544411879
44241130
19075308
2453868786
2868056306
1073942774
820187383
2167607546
931279642434199552
940515913769672704
443748606
1157730729037651968
997884243987652608
1002219316614520832
1051289312602611712
1183155527754440704
59969802
18026764
144904461
2812481810
27463954
18026772
1382224148
14881049
22221082
18026780
2236813596
1051922724
116592933
898830636
718475569
879458616939556864
1027556355316559872
1332941108
1110738108998397952
1158103632182685696
14881075
35852609
174264642
1260210245500055553
614666577
22221141
1292046680
24318307
851454226505052162
1010224734200573954
975833220590776322
59969895
296948075
486740334
76747120
1198723448
1109594492
2265125250
1655902596
2801996168
112398730
1394807178
212013455
1564676498
47387027
171118997
364056984
389222809
1244641958892425216
72552866
18026920
2561872296
87232940
221450679
33755578
83038658
43192774
36901320
339939788
296948173
1403195856
4395481
32707036
3646099935
1081174930081939456
1085376094218452992
783284849285234688
181604841
242422249
780492329195110400
128127468
100864489
1625493998
3716354539
1369641458
154341875
84087294
907290667621253121
257102337
2179142148
118690309
113447429
2369982990
1007882766
585306643
1101161584016195586
847776976542859266
14881307
221450782
29561374
29561378
23269924
223547941
455283245
1848840752
727518525888286721
3289584184
37950008
1671631418
330502724
2547192396
807812935317790720
803076434646343680
1935872594
2743276128
29561440
76747362
11735652
18027109
777196136
245568107
130224755
960696949
1472402046
1726157444
382931596
23270040
3756200602
1397953184
602084007
219353769
385028782
1475547830
2207453883
2449674942
1324552896
94573248
716252563709042688
1486006297313091584
2339574482
1972572883
19075796
20124370
342037204
21172951
85136091
1518681503336701953
1320834970865311745
94573293
22221551
3389199089
2191725308
277025540
506663686
89330439
19075851
40047392
718476067
2296582951
102961966
293802799
986814525914529792
1255022272412172288
1230736057714393088
1021917587829997568
1003753267044597760
880556545385218048
1103057132880969728
992407328174424064
1159884482976989184
797119290
164827964
3016954689
1314067266
2745373505
516100928
161682243
238228301
741544782
61018959
1239328581097930753
306385742
1214248287076663297
1697846100
18027349
502469462
553849687
3390247768
24318809
1454576478
37950326
2180191098
343085953
26416004
43193222
451089287
5444492
133370770
25367445
1646465942
241374101
1177752474
283317150
22221728
521343911
2825065385
18027434
1332941737
2799899561
51581876
1143268977843552256
703295977973792768
227742649
18027450
69407673
4921168834
580064199
537072585
1091043483341733889
1188597912361680897
1365447642
40047579
48436189
40047590
243471347
23173894
4302509052
1082332159
229839877
182653961
48436234
28513295
215159827
35853335
264442903
113447964
242422813
121836573
715511742462189568
2575504414
258151457
1357398193168814082
5444652
1269409896535130112
1108941229717217281
1007149787542478849
216208439
2618496061
2954040382
2373129284
221451333
19076166
329454660
42144838
825843133325795330
826585538824003586
3186824274
88282197
1166218334
337843299
3796046954
219354218
884788742891999232
1011040922539364352
958445629205876736
1144362608692269056
982686785401753600
937834141281914880
35853420
14881902
14881914
21173378
925468155195133953
1241595336071811073
3371373701
848685333701169153
174265477
1184797552530657281
1473451147
307434638
453186702
18027666
1103303828
126030998
385029275
231937181
1518987543840186368
53679267
408097971
2205357235
992163312912797699
531829941
755520525665984513
771284399967068161
386077883
2666730686
754128067
20124872
117642444
87233743
829825843719385088
778798755688558592
48436437
4005762262
20124896
38999266
786257212284940289
1051923698
3835892979
4825748724
462623991
145954040
1650660607
4396291
757096517995855872
1163072774
855942381404684288
32707849
809608209790926848
16296332
132322573
2273514768
202003
105059605
2973963551
2884834600
14882090
2567116076
1520637229
1254298932
2614302007
20124984
3226670399
2181240127
31659333
281220426
522392908
1518934395872292864
548607319
993203558
805508454
237180267
76748139
172168559
4219671920
1655903604
42145145
184751482
165877120
717787965817225216
789311071576260608
940757117065101312
859506250756784128
750382933261811712
935933148310929408
869949580774866944
1313672221311762432
950471771521679360
3874690443
23270801
19076503
121836954
1254212873380823041
968957171177226241
1545264551272251393
3018003877
20125098
1262687659
2198017458
348329396
894171772668399616
1011357129251278848
865276677957406720
2165511612
21173698
143857101
596841936
1318336642768306179
565384660
19076567
25368027
2964526557
1378031070
806557159
2726499822
22222325
152245756
635639298
14882307
61019651
2836600342
15930906
3029538340
224597554
1915950643
172168756
865596977270149120
1008535381887864832
3601012287
2415072836
141760069
19076678
2246252109
9639502
1058215506
897608885724434433
312677981
1347622494
87234149
246617703
81991278
350426737
248714866
1958942330
301143681
833820289
2185434759
14882444
4839380620
85137040
2729645719
214111897
3055752860
101914269
453187230
1153181820088774656
21173922
487790243
798938369975676928
1266369788332240896
1006623270215380992
15931049
241374893
193140399
198383281
360912567
978106012115849221
1213209529631928321
208869058
69650051
158537415
553850575
1072895702
4818409179
856889052
208869097
1285381716471947264
856707252992057344
1120160440628256768
1534250563118014464
863079484441993216
139663088
1035581753128361984
1281988661169594368
373495542
1370691319
14882554
324212474
970109612597895168
983419027442819072
902253160953208832
926254318671552512
938124933430960128
1199852955949785088
1016034915975094272
901832776298717184
939986989423714304
708702285422059520
930658523628888066
954152267501985793
1006580208508526594
974112166239461377
723446353058258945
706134049899864066
22222604
985863954
844577334028066818
918434612006805507
2786268948
21174038
563287822
718173043315630084
974062681438216195
913069645279715333
993045058168479749
1023722780968280069
21174042
1034495263455502341
1134764209248591878
1168668439122206726
1150735060909350918
952927255151435782
1351907604847583238
1203002008254472198
1202212816066895878
1334607534460690438
1176684966119399430
953037604638875655
1351941454223040519
1201980144199589895
24319793
302192434
1305679668
3749910327
3254982456
1216465895456956427
1219138756281819147
84088640
1561532226
1426265922
252909381
96671558
18028367
215160658
922223729127538688
822261379306438656
1019671620409966592
922337204310982656
277026654
2290292576
18028386
106108773
35854184
2157123434
236132202
2349012866
19076996
1218647941
2416121735
1114438304395431936
1124152926639755264
1214978408922222592
18028431
252909458
302192530
87234473
1051924393
1229133739
10688432
453187506
373495731
4004714428
28514239
309532626
1090909862442254336
36902874
18028509
22222814
32708574
48437216
19077091
18028518
257103847
836966376
496179182
111351799
247666681
15931387
18028551
2172852233
822200136398934016
822858915662663680
828358293793935360
397613070
242423825
7542802
14882842
1939019802
1337496067240235009
18028594
39000115
4747106355
48437303
2289244216
713234490
42145851
85906310
1563629629
1691555905
2657294407
14882900
132323413
731580354184667137
1212026103268696065
24320088
284366950
326309994
481499244
2984450157
21174385
3131250808
236132475
1169365116
987961472
117643397
2157123720
745740426
2214795403
3337820299
15931534
322115728
106109075
568531092
574822549
26417304
47388826
18028698
313727138
18028711
1963137198
288561332
789780661
402856118
377690301
951305368436662272
970117069642588160
710276023590510592
717438858661650432
462624960
705140249874325504
719142254502404096
507713733
2412976317
53680336
21174485
242424023
1160008372420272129
703983957705154561
3374520538
337844446
80943338
24320237
1074411241874055170
45291762
177412338
15931637
3301120246
14883063
4840429816
490936567
100866293
3056802046
1872959744
437459204
19077381
202578182
285415687
59971844
15931663
5445912
100866330
568531228
3202554148
3055753509
139663657
271784239
22223165
836966718
24320318
297998669
76749133
701700436
1182996822
818092376
18028893
594745693
747837792
126032227
313727335
237181289
70457706
3654490475
19077483
214112621
883490196096004096
32708979
1242595089626673152
2851281266
3306363250
1417819688973873152
1043122875526524928
859972120192987136
1536440554623578112
872310620636557312
130226559
43194755
257104267
1190239029192798209
1238864767722434561
1229782292723380225
231938447
2792561041
11737492
2286098840
3258128794
382933406
816438390862282752
1368720664501321728
24320423
1710430632
1151539627
14883246
545462714
750868000253837313
3331529159
1961040338
24320470
2658343385
1233524331549904896
98769374
98769377
3070433762
4774369766
113449448
43194865
228792821
19077624
18029055
111352327
2678266375
227744268
246618641
40049170
2462259730
51583518
1553144358
900604290380603393
169024049
577968691
301144633
15931963
4806875717
54729285
2860718662
4821555790
2548243027
2479037011
18029139
940300248441901056
1155949907833999360
979077389664866304
808065741991923712
903636248308436992
814596487799853056
796745884310654976
2269321825
821826000090779648
2205358688
123935329
15932001
15932004
185801321
25369197
21174895
3409123967
3442678401
113449602
498276995
217258634
